        1.000000         0.173899         0.075386         0.436193        -0.760230        -0.136743
        0.173899         1.000000        -0.024622        -0.372220         0.225046         0.106199
        0.075386        -0.024622         1.000000        -0.055425         0.098741        -0.195562
        0.436193        -0.372220        -0.055425         1.000000        -0.322109        -0.106036
       -0.760230         0.225046         0.098741        -0.322109         1.000000        -0.240880
       -0.136743         0.106199        -0.195562        -0.106036        -0.240880         1.000000
